-1000000
-10000
-100
0
1
2
3
4
5
6
7
8
9
10
11
12
13
14
15
16
17
18
19
20
21
22
23
24
25
26
27
28
29
30
31
32
33
34
35
36
42
43
46
50
54
55
56
87
88
89
90
91
92
93
94
95
96
97
98
99
100
101
102
103
112
113
114
115
116
117
118
119
120
121
122
123
124
125
126
127
128
129
130
131
132
133
137
237
243
255
303
402
429
522
523
524
525
526
527
528
529
530
531
532
533
534
535
536
537
538
539
540
541
542
543
544
545
546
547
777
886
887
888
889
890
891
892
893
894
895
896
897
898
899
900
901
902
903
904
905
906
907
908
909
910
911
912
913
1024
1128
1129
1130
1131
1132
1133
1134
1135
1136
1137
1138
1139
1140
1141
1142
1143
1144
1145
1146
1147
1148
1149
1150
1151
1152
1153
1154
1155
1156
1157
1326
1327
1328
1329
1330
1331
1332
1333
1334
1335
1336
1337
1338
1339
1340
1341
1342
1343
1344
1345
1346
1347
1348
1349
1350
1351
1352
1353
1354
1355
1356
1357
1358
1359
1360
1361
1362
1363
1364
1365
1366
1367
1800
2007
2037
2436
2500
3109
3119
3121
3137
3275
3646
4000
5000
5032
5616
5642
8245
9550
9551
9552
9553
9554
9555
9556
9557
9558
9559
9560
9561
9562
9563
9564
9565
9566
9567
9568
9569
9570
9571
9572
9573
9574
9575
9576
9577
9578
9579
9580
9581
9582
9583
9584
9585
9586
9587
9588
9589
9590
9591
9592
9593
10000
12345
15682
15683
15684
15685
15686
15687
15688
15689
15690
15691
15692
15693
15694
15695
15696
15697
15698
15699
15700
15701
15702
15703
15704
15705
15706
15707
15708
15709
15710
15711
15712
15713
15714
15715
15716
15717
15718
15719
15720
15721
15722
15723
15724
15725
15726
15727
15728
15729
15730
15731
15732
15733
16186
19608
19609
19610
19611
19612
19613
19614
19615
19616
19617
19618
19619
19620
19621
19622
19623
19624
19625
19626
19627
19628
19629
19630
19631
19632
19633
19634
19635
19636
19637
19638
19639
19640
19641
19642
19643
19644
19645
19646
19647
19648
19649
19650
19651
19652
19653
19654
19655
19656
19657
19658
19659
19660
19661
19662
19663
19664
19665
19666
19667
20002
23124
23456
30275
31396
31397
31398
31399
31400
31401
31402
31403
31404
31405
31406
31407
31408
31409
31410
31411
31412
31413
31414
31415
31416
31417
31418
31419
31420
31421
31422
31423
31424
31425
31426
31427
31428
31429
31430
31431
31432
31433
31434
31435
31436
31437
31438
31439
31440
31441
31442
31443
31444
31445
31446
31447
31448
31449
31450
31451
31452
31453
31454
31455
31456
31457
31458
31459
31460
31461
31462
31463
31464
31465
31466
31467
31468
31469
31470
31471
31472
31473
31474
31475
34567
46811
48789
50000
53794
65166
100000
136523
155920
155921
155922
155923
155924
155925
155926
155927
155928
155929
155930
155931
155932
155933
155934
155935
155936
155937
155938
155939
155940
155941
155942
155943
155944
155945
155946
155947
155948
155949
155950
155951
155952
155953
155954
155955
155956
155957
155958
155959
155960
155961
155962
155963
155964
155965
155966
155967
155968
155969
155970
155971
155972
155973
155974
155975
155976
155977
155978
155979
155980
155981
155982
155983
155984
155985
155986
155987
155988
155989
155990
155991
155992
155993
155994
155995
155996
155997
155998
155999
156000
156001
156002
156003
156004
156005
156006
156007
156008
156009
156010
156011
156012
156013
358742
360652
360653
360654
360655
360656
360657
360658
360659
360660
360661
360662
360663
360664
360665
360666
360667
360668
360669
360670
360671
360672
360673
360674
360675
360676
360677
360678
360679
360680
360681
360682
360683
360684
360685
360686
360687
360688
360689
360690
360691
360692
360693
360694
360695
360696
360697
360698
360699
360700
360701
360702
360703
360704
360705
360706
360707
360708
360709
360710
360711
360712
360713
360714
360715
360716
360717
360718
360719
360720
360721
360722
360723
360724
360725
360726
360727
360728
360729
360730
360731
360732
360733
360734
360735
360736
360737
360738
360739
360740
360741
360742
360743
360744
360745
360746
360747
360748
360749
360750
360751
360752
360753
360754
360755
370260
370261
370262
370263
370264
370265
370266
370267
370268
370269
370270
370271
370272
370273
370274
370275
370276
370277
370278
370279
370280
370281
370282
370283
370284
370285
370286
370287
370288
370289
370290
370291
370292
370293
370294
370295
370296
370297
370298
370299
370300
370301
370302
370303
370304
370305
370306
370307
370308
370309
370310
370311
370312
370313
370314
370315
370316
370317
370318
370319
370320
370321
370322
370323
370324
370325
370326
370327
370328
370329
370330
370331
370332
370333
370334
370335
370336
370337
370338
370339
370340
370341
370342
370343
370344
370345
370346
370347
370348
370349
370350
370351
370352
370353
370354
370355
370356
370357
370358
370359
370360
370361
370362
370363
370364
370365
370366
370367
370368
370369
370370
370371
370372
370373
370374
370375
370376
370377
370378
370379
452627
492112
492113
492114
492115
492116
492117
492118
492119
492120
492121
492122
492123
492124
492125
492126
492127
492128
492129
492130
492131
492132
492133
492134
492135
492136
492137
492138
492139
492140
492141
492142
492143
492144
492145
492146
492147
492148
492149
492150
492151
492152
492153
492154
492155
492156
492157
492158
492159
492160
492161
492162
492163
492164
492165
492166
492167
492168
492169
492170
492171
492172
492173
492174
492175
492176
492177
492178
492179
492180
492181
492182
492183
492184
492185
492186
492187
492188
492189
492190
492191
492192
492193
492194
492195
492196
492197
492198
492199
492200
492201
492202
492203
492204
492205
492206
492207
492208
492209
492210
492211
492212
492213
492214
492215
492216
492217
492218
492219
492220
492221
492222
492223
492224
492225
492226
492227
492228
492229
492230
492231
492232
492233
503794
537841
643436
786111
999999
1000000
1065474
2398475
2982982
3000003
3058742
3354891
4352345
5037841
5324763
5654844
6518987
7151541
9312323
9654412
9654413
9999991
9999992
9999993
9999994
9999995
9999996
9999997
9999998
9999999
10000000
